3.36412044781809e-05
9.15324868239091e-05
2.11940049110194e-04
4.66887937707928e-04
9.94522942807509e-04
2.05276280551785e-03
4.10464409876682e-03
7.94565338006072e-03
1.48785510850769e-02
2.69280698713597e-02
4.70628525784263e-02
7.93540984686999e-02
1.28954754096714e-01
2.01744670028747e-01
3.03481926414388e-01
4.38360794577556e-01
6.07027847125012e-01
8.04347197579645e-01
1.01748339250114e+00
1.22508170939425e+00
1.39833488587691e+00
1.50442176922080e+00
1.51217447429017e+00
1.39901596719368e+00
1.15749228167185e+00
7.99435280311687e-01
3.56162213414906e-01
2.30294662709445e-01
2.70497044914155e-01
2.97407852915261e-01
3.10824831964562e-01
3.11539449124110e-01
3.01153804783858e-01
2.81833071716261e-01
2.56032660194369e-01
2.26237391036164e-01
1.94742432907148e-01
1.63494825689227e-01
1.34002551579889e-01
1.07307531856049e-01
8.40111430608576e-02
6.43365383459971e-02
4.82111115767936e-02
3.53541571823738e-02
2.53581655181125e-02
1.77562370795631e-02
1.20719656085898e-02
7.85128568895752e-03
4.67796766678760e-03
2.17569249520614e-03
