0.999185
0.17583
0.250454
-0.198029
-0.364072
-1.33254
-1.21359
-0.687959
-0.0604198
-0.524837
-1.23022
-1.49239
-0.876017
-0.886109
-0.857221
-0.674337
-1.132
-0.34524
0.262368
0.335846
1.21551
0.227393
-0.276467
-0.889946
-1.28365
-1.25492
-0.267889
-1.00587
-0.497959
0.467249
-0.366423
0.140677
-0.717471
-0.476519
-1.4179
-1.44209
-1.16961
-0.992039
-1.4906
-1.59058
-0.877426
-1.08137
-0.443524
-0.113993
0.671969
0.338705
-0.14888
-0.820582
-1.36708
-2.24706
-1.84529
-2.51213
-3.38022
-2.4823
-2.76262
-3.02442
-3.09778
-3.39106
-3.39084
-3.95629
-4.28436
-4.11782
-3.17616
-3.36238
-3.95488
-4.95461
-4.16503
-3.48505
-3.3072
-4.01618
-4.43618
-4.54518
-4.4581
-5.24025
-6.01972
-6.14668
-6.2621
-6.52915
-6.32781
-5.98973
-6.13676
-6.53365
-5.86241
-5.87753
-6.3765
-6.98558
-6.2625
-5.83483
-5.7372
-6.01389
-5.15166
-4.38211
-3.49225
-2.68837
-3.10504
-3.80769
-3.00353
-3.63062
-2.65329
-2.67128
